ambient[]={0.500000,0.500000,0.500000,1.000000};
diffuse[]={0.500000,0.500000,0.500000,1.000000};
forcedDiffuse[]={0.000000,0.000000,0.000000,0.000000};
emmisive[]={0.000000,0.000000,0.000000,1.000000};
specular[]={0.500000,0.500000,0.500000,1.000000};
specularPower=17.000000;
PixelShaderID="Normal";
VertexShaderID="Basic";
